@@@ Model structure:
conv.0.weight 	 torch.Size([16, 40, 4])
conv.0.bias 	 torch.Size([16])
conv.2.weight 	 torch.Size([8, 16, 2])
conv.2.bias 	 torch.Size([8])
lstm.weight_ih_l0 	 torch.Size([64, 8])
lstm.weight_hh_l0 	 torch.Size([64, 16])
lstm.bias_ih_l0 	 torch.Size([64])
lstm.bias_hh_l0 	 torch.Size([64])
fc.1.weight 	 torch.Size([64, 80])
fc.1.bias 	 torch.Size([64])
fc.2.weight 	 torch.Size([32, 64])
fc.2.bias 	 torch.Size([32])
fc.3.weight 	 torch.Size([2, 32])
fc.3.bias 	 torch.Size([2])

@@@ conv.0.weight:
tensor([[[-0.0067,  0.0433, -0.0611, -0.0563],
         [-0.0359,  0.0261,  0.0059,  0.0707],
         [ 0.0006,  0.0256, -0.0220, -0.0147],
         ...,
         [-0.0567, -0.0775, -0.0913, -0.0846],
         [-0.0316,  0.0295,  0.0301, -0.0902],
         [ 0.0287, -0.0812, -0.0349, -0.0505]],

        [[-0.0104, -0.0179, -0.0768, -0.0755],
         [-0.0002,  0.0041, -0.0433,  0.0221],
         [-0.0826, -0.0142,  0.0625, -0.0358],
         ...,
         [ 0.0502,  0.0078, -0.0485,  0.0042],
         [ 0.0461, -0.0113,  0.0436,  0.0634],
         [-0.0195,  0.0220,  0.0520,  0.0242]],

        [[ 0.0240,  0.0272, -0.0458,  0.0212],
         [ 0.0571,  0.0802,  0.0533,  0.0094],
         [ 0.0397, -0.0372, -0.0618, -0.0609],
         ...,
         [-0.0788, -0.0386,  0.0196,  0.0607],
         [ 0.0245, -0.0239,  0.0186, -0.0880],
         [-0.0912,  0.0151, -0.0650,  0.0190]],

        ...,

        [[-0.0197, -0.0388, -0.0519,  0.0759],
         [-0.0077,  0.0066, -0.0274,  0.0699],
         [-0.0394, -0.0313, -0.0654, -0.0710],
         ...,
         [ 0.0599, -0.0476, -0.0520, -0.0280],
         [ 0.0073, -0.0291, -0.0914,  0.0413],
         [ 0.0579,  0.0208,  0.0588,  0.0026]],

        [[ 0.0070, -0.0487, -0.0531, -0.0411],
         [-0.0089,  0.0603, -0.0184,  0.0102],
         [-0.0031, -0.0563, -0.0074,  0.0735],
         ...,
         [-0.0559,  0.0159, -0.0197, -0.0548],
         [-0.0864,  0.0382, -0.0253, -0.0874],
         [ 0.0547,  0.0188, -0.0658, -0.0754]],

        [[ 0.0539, -0.0214, -0.0688,  0.0250],
         [ 0.0003,  0.0225, -0.0217, -0.0481],
         [-0.0682, -0.0251, -0.0760,  0.0579],
         ...,
         [-0.0350,  0.0138,  0.0124,  0.0510],
         [-0.0731, -0.0123,  0.0627,  0.0680],
         [-0.0686, -0.0082,  0.0007, -0.0214]]])
@@@ conv.0.bias:
tensor([-0.0491, -0.0558,  0.0413, -0.0239,  0.0091,  0.0394, -0.0374,  0.0189,
         0.0527, -0.0444,  0.0295,  0.0125,  0.0317,  0.0557,  0.0253,  0.0231])
@@@ conv.2.weight:
tensor([[[-0.1577,  0.0644],
         [ 0.1012, -0.0679],
         [-0.1667,  0.1539],
         [-0.0288,  0.0453],
         [-0.0338,  0.1255],
         [ 0.1943,  0.1328],
         [-0.0717,  0.1091],
         [ 0.0720,  0.0046],
         [-0.1481, -0.0852],
         [-0.1721,  0.1246],
         [ 0.1897,  0.1159],
         [ 0.0685,  0.0540],
         [ 0.1681, -0.0928],
         [-0.0467, -0.1462],
         [-0.0264,  0.0049],
         [ 0.0696, -0.1035]],

        [[-0.0096, -0.1275],
         [-0.1256,  0.0115],
         [-0.1541,  0.0321],
         [-0.1445, -0.1051],
         [-0.0228, -0.1503],
         [ 0.1246,  0.1267],
         [-0.0751,  0.0231],
         [ 0.0733,  0.0405],
         [-0.0120, -0.1483],
         [ 0.1106, -0.1368],
         [-0.0194,  0.0036],
         [-0.0424, -0.0485],
         [-0.1345,  0.0029],
         [-0.0093,  0.1358],
         [-0.0424,  0.1186],
         [ 0.0023, -0.0626]],

        [[-0.0625, -0.0411],
         [ 0.0093, -0.0168],
         [ 0.0342,  0.1268],
         [ 0.0095,  0.0451],
         [ 0.1315,  0.0610],
         [ 0.0953,  0.0918],
         [ 0.1692, -0.1512],
         [ 0.0806,  0.0128],
         [-0.0496, -0.0865],
         [ 0.1007,  0.1686],
         [-0.1166,  0.0865],
         [ 0.1400,  0.0484],
         [-0.0110,  0.1227],
         [-0.0069, -0.0564],
         [-0.0260,  0.0465],
         [ 0.0737,  0.0194]],

        [[ 0.0768,  0.0673],
         [-0.1589,  0.0287],
         [ 0.1270,  0.0395],
         [ 0.0026,  0.1532],
         [-0.1766, -0.1029],
         [-0.0611,  0.1728],
         [-0.1958, -0.0062],
         [-0.1884, -0.0232],
         [ 0.0814, -0.0247],
         [ 0.1669, -0.0027],
         [-0.1178,  0.0172],
         [ 0.0799, -0.0138],
         [ 0.1634, -0.1017],
         [ 0.0727,  0.0940],
         [ 0.0870,  0.0043],
         [ 0.0224, -0.1670]],

        [[-0.1463, -0.0186],
         [-0.0280,  0.1253],
         [ 0.1218,  0.1134],
         [-0.0872, -0.1451],
         [-0.1579,  0.0719],
         [-0.1671, -0.1845],
         [-0.0958, -0.1518],
         [-0.0686, -0.1141],
         [-0.0995,  0.1594],
         [-0.0394,  0.1407],
         [ 0.0062, -0.0193],
         [-0.0578, -0.1322],
         [-0.1408,  0.1207],
         [-0.0510, -0.1742],
         [ 0.1562, -0.0025],
         [-0.1013, -0.1209]],

        [[-0.1638, -0.1697],
         [ 0.1510,  0.1139],
         [ 0.0364, -0.1292],
         [-0.0451, -0.1658],
         [ 0.0568, -0.0536],
         [-0.0158, -0.0333],
         [ 0.0679,  0.0826],
         [ 0.0265, -0.0342],
         [-0.0327, -0.0179],
         [-0.1369,  0.1686],
         [-0.0495,  0.1116],
         [-0.0863,  0.0139],
         [ 0.0715, -0.1592],
         [ 0.0780, -0.1383],
         [ 0.0154, -0.0436],
         [ 0.1181,  0.1873]],

        [[ 0.0258, -0.0197],
         [-0.0941,  0.0541],
         [-0.0932,  0.0662],
         [-0.0818,  0.1154],
         [ 0.1437,  0.1173],
         [ 0.0074,  0.0920],
         [-0.1528,  0.1513],
         [-0.0386,  0.0681],
         [-0.0433, -0.0742],
         [-0.0950,  0.1024],
         [-0.0763, -0.0376],
         [ 0.1024,  0.0315],
         [-0.1365, -0.1611],
         [-0.0775,  0.1748],
         [-0.1344,  0.0871],
         [ 0.1324, -0.0618]],

        [[-0.0705, -0.1191],
         [ 0.0215, -0.0323],
         [ 0.0114,  0.0789],
         [ 0.0692, -0.0579],
         [-0.0019,  0.0282],
         [-0.0051,  0.0258],
         [-0.0779,  0.1383],
         [-0.0303, -0.0349],
         [-0.1640, -0.1296],
         [-0.0036, -0.0403],
         [-0.0957,  0.0814],
         [-0.0299,  0.0481],
         [ 0.1355, -0.0943],
         [-0.1002, -0.0478],
         [-0.0196, -0.0921],
         [-0.0588, -0.0236]]])
@@@ conv.2.bias:
tensor([ 0.0867,  0.1452,  0.1362,  0.0188, -0.0158,  0.0463,  0.0025, -0.0370])
@@@ lstm.weight_ih_l0:
tensor([[ 1.0443e-01, -1.8473e-01, -1.9329e-01,  2.0467e-02, -5.9533e-02,
         -9.7412e-02, -2.1065e-01,  1.7468e-01],
        [-2.6293e-02, -1.1629e-01, -8.6810e-02,  8.6041e-02, -1.8532e-01,
          1.0750e-02, -2.2508e-02,  7.6788e-02],
        [ 1.0857e-01, -1.4498e-01,  1.0177e-01,  2.0921e-01,  6.5386e-03,
          1.0720e-01, -9.4522e-02,  5.4007e-02],
        [ 8.9133e-02, -9.7737e-02,  1.4707e-01, -2.5042e-01, -1.0111e-01,
         -1.5309e-01, -1.2639e-01, -1.3717e-01],
        [-2.1457e-01,  2.8290e-02, -3.8284e-02, -1.9093e-01, -2.3705e-05,
         -3.1120e-02,  1.0207e-01, -1.7716e-01],
        [-5.5654e-02,  3.6100e-02,  1.1365e-01,  2.5906e-02,  5.1428e-02,
          2.4091e-01, -6.8549e-02,  1.5359e-01],
        [ 1.9654e-01, -2.0238e-01,  6.8678e-02,  1.2364e-01, -2.4805e-02,
          1.1999e-01,  1.3510e-02,  1.7174e-01],
        [ 2.3937e-02, -1.4172e-01,  2.0040e-01,  7.8166e-02,  1.9396e-01,
          6.5234e-02,  1.3873e-01,  1.3754e-01],
        [ 5.3431e-02, -4.2306e-02,  5.8783e-02, -1.8177e-01,  2.1869e-03,
         -7.0377e-02,  3.3255e-02, -1.8424e-01],
        [ 1.5574e-01, -2.1183e-01,  1.2348e-01,  1.6566e-01, -2.1030e-01,
          2.1605e-01, -1.5706e-01, -3.3956e-02],
        [ 1.5484e-01, -6.2469e-02,  2.4595e-01, -8.3681e-02, -2.0634e-02,
         -1.4189e-01, -8.8491e-02,  2.2478e-01],
        [ 2.0855e-01,  8.1346e-03,  4.1044e-02, -1.9217e-01,  1.9391e-01,
         -2.7604e-02, -8.2370e-02, -1.8578e-01],
        [ 2.0882e-01,  1.0076e-01,  1.7221e-01,  4.1948e-02, -1.5128e-01,
          1.0936e-01,  5.1657e-02,  6.7716e-02],
        [-8.4665e-02, -1.0020e-01,  1.8392e-01,  6.8807e-02, -8.9030e-02,
          1.7598e-02, -7.7522e-02, -3.4666e-02],
        [ 1.2333e-01, -1.8033e-01,  2.0587e-01,  1.5114e-01,  2.4732e-05,
         -1.0527e-01,  3.2969e-02, -1.4709e-01],
        [ 1.5059e-01, -1.1421e-01,  3.6500e-02, -2.5884e-01,  1.1285e-01,
          1.5788e-01,  1.7588e-01,  1.7765e-02],
        [ 1.2994e-01,  6.8232e-02,  1.5084e-01,  1.2325e-01, -1.9998e-01,
          1.5312e-02, -6.7430e-02, -1.0159e-01],
        [ 1.6067e-01, -2.1988e-02,  4.9801e-02,  1.4204e-01,  1.4993e-01,
          1.4389e-01, -4.3995e-02, -2.2858e-01],
        [-2.1212e-01,  6.1801e-02,  2.3799e-02, -1.3116e-01,  1.0718e-01,
          2.4665e-01,  1.7296e-01, -2.0774e-02],
        [ 5.2264e-02, -1.4114e-01,  1.3570e-01, -1.9973e-01,  1.7243e-01,
         -1.0382e-01, -8.0133e-02, -1.9724e-01],
        [-3.4374e-02, -1.2393e-02, -8.6343e-02,  1.8739e-01,  1.2533e-01,
         -2.0118e-01,  4.5627e-04,  6.7085e-02],
        [ 2.2226e-01, -4.3868e-02,  1.2850e-01, -7.4454e-03, -7.8575e-02,
          1.3470e-01, -2.0647e-01,  1.9075e-01],
        [ 2.3079e-01, -5.1901e-02,  8.1367e-02,  2.3039e-01,  5.8712e-02,
          8.0421e-02,  7.4585e-02, -8.4816e-02],
        [ 7.9952e-02, -1.1523e-01,  2.3273e-01, -8.7115e-02,  4.0652e-02,
         -5.4413e-02,  1.4635e-01,  3.7309e-03],
        [ 1.6219e-01, -5.1368e-02, -1.2116e-01,  1.2208e-01, -1.3245e-01,
         -1.8293e-01,  1.2247e-01, -1.3741e-01],
        [-6.7182e-02, -4.6364e-02,  4.3321e-02, -6.0434e-02, -7.2115e-02,
         -3.1275e-02,  2.0093e-01,  5.9573e-02],
        [-1.0433e-01, -1.5436e-01,  2.2242e-02,  6.8381e-02,  9.9047e-04,
          1.6090e-01,  2.2243e-01,  6.7033e-02],
        [ 1.0504e-01,  1.2687e-01, -6.3248e-02,  6.4270e-02,  2.0579e-01,
         -1.0134e-01,  4.3104e-02, -8.3059e-02],
        [-1.7468e-01,  1.1441e-01,  2.1766e-01, -1.1625e-01,  9.3601e-02,
          9.4383e-02,  1.1706e-01,  1.3318e-01],
        [ 2.1575e-01,  1.7117e-01, -2.3590e-01, -1.1372e-01,  1.2049e-01,
         -1.5136e-01,  3.0914e-02, -1.1842e-01],
        [ 6.4908e-02,  1.0414e-01,  9.4871e-02,  1.9038e-01, -1.7139e-02,
          1.2291e-01,  9.1680e-02, -6.3121e-02],
        [-1.9176e-01,  2.0991e-01, -8.9734e-02,  1.7157e-01,  1.5231e-01,
         -2.1931e-02, -2.2314e-01,  1.6638e-02],
        [-1.2418e-01,  4.8855e-02, -8.8367e-02,  2.0622e-01, -2.0843e-01,
         -4.6450e-02,  2.1564e-02,  1.7823e-02],
        [ 1.8274e-01, -6.2195e-02, -2.2199e-01,  1.4227e-01,  6.6607e-02,
          1.4343e-01, -1.7243e-01, -1.5560e-01],
        [-9.6289e-02,  7.6988e-03,  6.8431e-02, -1.6269e-01, -2.6581e-02,
         -4.9295e-02,  2.2046e-01, -7.8511e-02],
        [ 2.2102e-01, -1.3507e-01, -1.2419e-01, -2.0725e-01,  1.6898e-01,
         -1.9043e-01,  8.2401e-02, -1.0677e-01],
        [ 2.3016e-01,  2.1540e-02, -1.9848e-01,  2.8176e-02,  1.7391e-02,
         -2.2293e-01,  3.4879e-02,  2.1965e-01],
        [ 7.5138e-02, -1.7807e-04, -4.8750e-02,  7.4449e-02, -9.3741e-02,
          2.3244e-01,  2.1347e-01,  1.0190e-01],
        [-7.8227e-02, -2.1589e-01, -1.2992e-01,  2.2403e-01, -2.1065e-01,
         -2.1949e-01, -1.1054e-02,  6.2338e-02],
        [-2.5402e-01, -2.1327e-01, -4.4009e-03, -8.4085e-02,  1.5637e-01,
          6.0175e-02, -2.2580e-01, -2.0643e-01],
        [ 1.8654e-01, -2.9576e-02, -1.0581e-01,  8.3242e-02, -5.4518e-02,
          1.0880e-01,  7.6902e-02, -9.7690e-02],
        [-1.8196e-01,  1.1729e-01, -1.4038e-01, -2.5441e-02,  2.0608e-02,
         -1.2744e-01,  1.1692e-01, -1.5737e-01],
        [ 7.2882e-02,  1.4409e-02,  1.0668e-01, -2.3181e-01,  7.6558e-03,
          1.2733e-01, -1.4453e-01,  6.0282e-02],
        [-1.8035e-02,  1.9336e-01, -7.1306e-02, -1.6926e-02, -9.2153e-02,
         -7.2127e-02,  5.2131e-02, -2.4996e-01],
        [ 1.7504e-01,  1.6127e-01,  1.2013e-01,  1.7522e-01, -6.1068e-02,
          5.8370e-02,  2.9110e-02, -1.5442e-01],
        [-1.0566e-01, -7.1638e-02, -8.0050e-02, -2.2781e-01, -1.5735e-01,
         -3.5372e-02, -5.6071e-02, -2.0815e-01],
        [ 3.8299e-02,  1.1807e-01,  1.9190e-01,  1.9173e-01, -1.5623e-01,
         -6.3346e-02, -1.0008e-01,  3.0958e-02],
        [ 4.6060e-02,  3.9970e-02,  1.1604e-01,  1.1185e-01, -1.1616e-01,
          1.5029e-01,  1.4211e-01,  1.9635e-02],
        [-1.9723e-01, -1.3507e-01,  8.4517e-02,  1.0000e-01,  2.1410e-01,
          1.3351e-01,  1.0597e-01, -1.0208e-04],
        [ 1.9494e-01, -7.3817e-02,  1.2357e-01, -9.5176e-02, -6.6994e-03,
          1.6212e-01,  1.4031e-01, -5.3060e-02],
        [ 1.9252e-02, -1.2069e-01,  1.3802e-01,  1.8793e-01,  8.9926e-02,
         -2.2050e-01, -1.5578e-01,  1.7757e-01],
        [-2.1127e-02,  1.3527e-01,  1.9541e-01, -8.7822e-02, -1.4002e-01,
         -2.2355e-01,  1.0988e-01,  1.3919e-01],
        [-1.4462e-02, -2.2383e-01, -1.4285e-01,  1.3013e-02,  9.6407e-02,
         -7.4830e-02, -1.3453e-01, -1.5556e-01],
        [ 2.4829e-01,  7.3364e-02, -1.8009e-01, -1.3056e-01, -1.9557e-01,
          6.2591e-02, -7.7862e-02,  1.2078e-02],
        [-2.1029e-02, -2.0007e-01, -2.0045e-01, -1.7733e-01, -8.7228e-02,
          4.7984e-02, -9.4509e-02, -2.7607e-03],
        [-5.2521e-02,  2.0982e-01, -1.3479e-01,  2.2476e-01, -1.9668e-01,
         -1.9829e-01,  5.8562e-02, -1.5758e-01],
        [ 1.2513e-01, -1.2023e-01,  2.0934e-01,  2.2877e-01,  6.5223e-03,
          5.8515e-02,  2.3404e-01,  1.3000e-01],
        [-1.9137e-01, -2.1463e-03, -2.0244e-01,  2.1508e-01, -4.5809e-02,
          2.5547e-02, -1.2842e-01, -1.2900e-01],
        [ 6.0174e-02,  1.8758e-01, -9.5686e-02,  5.4765e-02,  2.2425e-01,
          2.4592e-01, -2.3772e-02,  2.2925e-01],
        [ 1.1158e-01,  2.0888e-01,  2.7569e-02, -1.9469e-01, -5.7962e-02,
          7.8296e-02,  1.5540e-01, -2.3521e-01],
        [ 2.0031e-01, -2.0548e-01,  1.6023e-01,  2.4954e-01,  4.5715e-02,
         -2.9653e-02,  1.5027e-01, -5.7152e-02],
        [-2.0844e-01, -1.5893e-01,  9.4561e-02,  1.6869e-01,  5.5125e-04,
         -2.4348e-01, -2.6999e-01, -6.8893e-02],
        [ 1.4469e-01, -1.4820e-01,  5.2967e-02, -1.5694e-01,  1.9688e-01,
         -7.7639e-02, -2.9496e-02, -2.0503e-01],
        [-1.9993e-01,  7.1067e-03,  6.3923e-02,  1.5789e-01, -2.0922e-01,
          6.4685e-02, -1.0949e-02,  1.6004e-01]])
@@@ lstm.weight_hh_l0:
tensor([[-0.0960,  0.0494,  0.1069,  ...,  0.0177, -0.0328, -0.1172],
        [ 0.0235, -0.1043,  0.1332,  ...,  0.1867,  0.1711,  0.0107],
        [-0.0775,  0.0930,  0.1810,  ...,  0.0882,  0.0032,  0.1819],
        ...,
        [ 0.0329, -0.1605,  0.1209,  ...,  0.1339,  0.1263, -0.1937],
        [-0.1969, -0.1487,  0.1647,  ...,  0.0264, -0.2037, -0.1374],
        [-0.0615, -0.1788,  0.2358,  ..., -0.2667, -0.0588, -0.1656]])
@@@ lstm.bias_ih_l0:
tensor([-0.0782,  0.2069,  0.1205, -0.0271,  0.0931,  0.0781,  0.1188, -0.1810,
         0.0837, -0.2142, -0.1393, -0.0732, -0.0036, -0.2561, -0.0065,  0.0286,
        -0.0818,  0.0927,  0.2452, -0.0255, -0.1141, -0.2030, -0.1640, -0.1192,
        -0.1595, -0.0704,  0.1543,  0.0998,  0.2425,  0.2313, -0.0728, -0.1129,
         0.0419, -0.2214,  0.1235, -0.0651, -0.1906, -0.1726, -0.1539,  0.0625,
         0.1916,  0.1793, -0.0515, -0.1630, -0.0891, -0.1829, -0.0480, -0.2116,
         0.1398, -0.2112, -0.1342,  0.1765, -0.1660,  0.0827,  0.1841,  0.2264,
         0.1171, -0.0437,  0.1728,  0.0114, -0.0553, -0.0216,  0.0426,  0.1905])
@@@ lstm.bias_hh_l0:
tensor([ 1.2319e-01,  1.3597e-01,  2.7258e-02, -2.0253e-02,  9.1377e-02,
         6.4843e-02, -2.2016e-01,  4.0990e-02, -1.0462e-01, -1.0902e-01,
         1.1147e-01,  7.0999e-02,  6.1349e-02, -1.3885e-01,  9.6755e-02,
         2.2327e-01,  1.7801e-02,  1.1386e-01, -1.9227e-01,  1.6578e-01,
         7.1684e-02,  9.4367e-02,  8.6743e-02, -4.6980e-02,  1.0320e-02,
         2.6337e-01,  1.9899e-01, -1.5751e-01,  2.1555e-01,  2.3194e-01,
         3.0201e-02, -2.1007e-01,  5.5460e-02, -7.2794e-02,  1.6723e-01,
        -2.5954e-01,  4.7819e-02,  5.7966e-05,  8.6649e-03,  1.6572e-01,
         4.5178e-03, -1.8276e-01, -1.2744e-01, -1.1804e-01,  3.5805e-02,
         7.0381e-02, -3.1288e-02, -9.3720e-02,  1.1711e-01, -2.1896e-01,
         1.9602e-01, -1.8894e-02,  1.5920e-01,  2.1016e-01,  3.6096e-02,
         5.9013e-02, -1.2058e-01,  2.0229e-01,  1.7631e-01, -1.9598e-02,
         1.0707e-01, -3.6377e-02,  1.8184e-01,  1.2574e-01])
@@@ fc.1.weight:
tensor([[ 0.0712, -0.1217,  0.0997,  ..., -0.0797, -0.1296, -0.1048],
        [-0.0344, -0.0560, -0.0294,  ...,  0.0570, -0.1256, -0.0741],
        [-0.0192, -0.0125,  0.0328,  ..., -0.0794,  0.0455,  0.0484],
        ...,
        [ 0.0201, -0.0475, -0.0970,  ..., -0.0235, -0.1177,  0.0045],
        [-0.0902,  0.0801,  0.0775,  ..., -0.0039, -0.0744,  0.1067],
        [-0.1048,  0.1048,  0.0381,  ...,  0.1023, -0.0044, -0.0404]])
@@@ fc.1.bias:
tensor([-0.0962, -0.0881, -0.0196,  0.0545,  0.0030, -0.0994,  0.0838,  0.0732,
         0.0286,  0.0914,  0.0546,  0.0349,  0.0942, -0.0812, -0.0065, -0.0794,
        -0.0418, -0.1057,  0.0581, -0.0624,  0.0576,  0.1205,  0.0202,  0.0107,
         0.0971, -0.0928,  0.0844, -0.1162,  0.0940,  0.0295, -0.0893, -0.0267,
        -0.0375,  0.0586,  0.1169,  0.0504,  0.1008,  0.1298, -0.0777,  0.0267,
        -0.0092,  0.0852,  0.0108,  0.0252,  0.0818, -0.0644, -0.0674, -0.0622,
         0.0986, -0.0164, -0.0784,  0.0168, -0.0206, -0.0850,  0.0989,  0.0450,
         0.0780, -0.0009, -0.0874, -0.1116,  0.0007, -0.0602,  0.0491, -0.1211])
@@@ fc.2.weight:
tensor([[-0.0854,  0.0320,  0.0531,  ...,  0.0465, -0.0634, -0.1458],
        [ 0.0454,  0.0621,  0.1391,  ...,  0.0748, -0.1047,  0.0525],
        [-0.0179, -0.0614, -0.0860,  ...,  0.1399, -0.1343, -0.1453],
        ...,
        [ 0.0474, -0.0396, -0.1453,  ..., -0.1346,  0.0619, -0.1016],
        [-0.0969,  0.0401, -0.0883,  ...,  0.0961,  0.0549, -0.0180],
        [-0.0299,  0.1086, -0.0018,  ...,  0.1147,  0.0819, -0.0168]])
@@@ fc.2.bias:
tensor([ 0.1241,  0.0575,  0.0800, -0.0482,  0.0703, -0.1051,  0.0184, -0.0891,
        -0.0016,  0.0288, -0.0305,  0.1189, -0.0990, -0.1063,  0.0238, -0.0988,
        -0.0992, -0.0589,  0.0849, -0.0628, -0.1204,  0.0739, -0.0659, -0.0307,
        -0.0594,  0.0190,  0.0884, -0.0599, -0.1080,  0.0366, -0.0951,  0.0639])
@@@ fc.3.weight:
tensor([[ 0.1320,  0.1567,  0.0462,  0.1513, -0.0243,  0.0730, -0.0315, -0.1196,
          0.0689,  0.1199,  0.0616,  0.1368,  0.0221,  0.0944,  0.1496, -0.1428,
         -0.0590,  0.1329, -0.0556,  0.1709,  0.0582, -0.0979,  0.1258, -0.0926,
          0.1395,  0.1149,  0.0837,  0.1614, -0.0061, -0.1661,  0.1142,  0.0348],
        [-0.0925, -0.0500, -0.1272,  0.0904, -0.1930,  0.1095, -0.1912, -0.0620,
          0.1047, -0.0510,  0.1446,  0.1191, -0.0784, -0.0224, -0.1577, -0.0318,
          0.0928, -0.0747,  0.1676,  0.0731,  0.1369,  0.1621,  0.0246,  0.0169,
         -0.0596,  0.1884,  0.1474, -0.1584,  0.0698, -0.0328,  0.1736, -0.1197]])
@@@ fc.3.bias:
tensor([-0.1224,  0.0239])
