# Matrix shape: (8, 16, 2)
-0.15773191     0.06444371     
0.10121856      -0.06787555    
-0.16667806     0.15393464     
-0.02881694     0.04528357     
-0.03383995     0.12545453     
0.19428699      0.13280025     
-0.07166218     0.10906442     
0.07197601      0.00463435     
-0.14810272     -0.08523051    
-0.17211157     0.12461273     
0.18970518      0.11589766     
0.06852777      0.05402499     
0.16812472      -0.09279086    
-0.04666445     -0.14622708    
-0.02637020     0.00494060     
0.06964146      -0.10348846    
# New slice
-0.00959044     -0.12748772    
-0.12564303     0.01151588     
-0.15411392     0.03206824     
-0.14448738     -0.10514279    
-0.02277091     -0.15028153    
0.12462892      0.12667643     
-0.07511888     0.02307725     
0.07327092      0.04048685     
-0.01200482     -0.14834225    
0.11059214      -0.13676938    
-0.01937512     0.00355366     
-0.04240279     -0.04847863    
-0.13452601     0.00293693     
-0.00931224     0.13584320     
-0.04238275     0.11857019     
0.00230420      -0.06261072    
# New slice
-0.06246061     -0.04106631    
0.00934659      -0.01678676    
0.03423348      0.12675704     
0.00949132      0.04509594     
0.13148440      0.06099014     
0.09525605      0.09179479     
0.16919117      -0.15123968    
0.08056916      0.01282663     
-0.04963201     -0.08652450    
0.10073386      0.16856427     
-0.11662625     0.08652433     
0.14004980      0.04837298     
-0.01097834     0.12269720     
-0.00692796     -0.05641469    
-0.02597319     0.04647728     
0.07367291      0.01937621     
# New slice
0.07683117      0.06732392     
-0.15887906     0.02869841     
0.12700519      0.03950665     
0.00261200      0.15320395     
-0.17656067     -0.10293850    
-0.06110876     0.17280471     
-0.19578831     -0.00615279    
-0.18838246     -0.02322220    
0.08138982      -0.02468511    
0.16685194      -0.00268540    
-0.11777002     0.01719958     
0.07986584      -0.01377874    
0.16335028      -0.10166205    
0.07268854      0.09402250     
0.08696614      0.00430746     
0.02241926      -0.16699959    
# New slice
-0.14625438     -0.01863687    
-0.02796092     0.12528212     
0.12183389      0.11340084     
-0.08724527     -0.14506035    
-0.15793593     0.07189055     
-0.16709718     -0.18450919    
-0.09582796     -0.15177530    
-0.06862245     -0.11408980    
-0.09954642     0.15941213     
-0.03943179     0.14068468     
0.00620656      -0.01925470    
-0.05778290     -0.13222067    
-0.14084667     0.12071805     
-0.05103622     -0.17419840    
0.15620238      -0.00246275    
-0.10132955     -0.12086996    
# New slice
-0.16383363     -0.16970909    
0.15104699      0.11389154     
0.03637199      -0.12915635    
-0.04508134     -0.16580795    
0.05675733      -0.05363797    
-0.01579621     -0.03333796    
0.06794412      0.08256357     
0.02651179      -0.03419320    
-0.03266462     -0.01786273    
-0.13688561     0.16864260     
-0.04953162     0.11161330     
-0.08627544     0.01394330     
0.07154302      -0.15918104    
0.07803651      -0.13825732    
0.01536675      -0.04359521    
0.11810669      0.18731549     
# New slice
0.02577688      -0.01972086    
-0.09408130     0.05406649     
-0.09320756     0.06616551     
-0.08179817     0.11542846     
0.14368182      0.11727901     
0.00741051      0.09202211     
-0.15284659     0.15133210     
-0.03860915     0.06806672     
-0.04329351     -0.07418045    
-0.09504011     0.10244578     
-0.07631597     -0.03757477    
0.10241485      0.03153823     
-0.13652708     -0.16109399    
-0.07750788     0.17482951     
-0.13440022     0.08708596     
0.13236713      -0.06183171    
# New slice
-0.07049484     -0.11905040    
0.02145582      -0.03226609    
0.01141831      0.07891209     
0.06921134      -0.05787610    
-0.00191545     0.02819068     
-0.00506681     0.02577364     
-0.07786481     0.13834919     
-0.03032225     -0.03487530    
-0.16400665     -0.12957549    
-0.00360202     -0.04029249    
-0.09573402     0.08141751     
-0.02994313     0.04814288     
0.13546287      -0.09428566    
-0.10016040     -0.04776565    
-0.01958415     -0.09213671    
-0.05877571     -0.02357434    
# New slice
