# Matrix shape: (64,)
-0.10545471
-0.08972915
-0.02001390
0.05491807
0.00399795
-0.09889885
0.08504254
0.07345533
0.02909427
0.09179499
0.05487720
0.03459154
0.09342743
-0.08076613
-0.00571606
-0.07958610
-0.04212213
-0.10485001
0.05889947
-0.06211612
0.05780631
0.12006732
0.02057011
0.01087720
0.10013337
-0.09334479
0.08543082
-0.11541653
0.09428899
0.02935619
-0.08857610
-0.02760153
-0.03771596
0.05888000
0.11683001
0.05138385
0.10044457
0.12954359
-0.07858151
0.02675911
-0.00777282
0.08473700
0.01287244
0.02530605
0.06670784
-0.06409715
-0.06784453
-0.06259876
0.09830427
-0.01597614
-0.07974608
0.01669057
-0.02024119
-0.08480875
0.09659109
0.04536760
0.11632977
-0.00118412
-0.08711350
-0.11118539
0.00190330
-0.06070184
0.04949136
-0.12095182
