# Matrix shape: (64,)
-0.07952419
0.20014162
0.12123822
-0.02694441
0.10501535
0.08200678
0.11929631
-0.18005143
0.08470418
-0.21223487
-0.14201646
-0.07356290
-0.00149477
-0.25664991
-0.00856719
0.02926522
-0.08174651
0.09954757
0.24322204
-0.02402432
-0.11203031
-0.20466504
-0.16400400
-0.11812051
-0.15889706
-0.06994481
0.13529818
0.10021193
0.24330467
0.23054124
-0.07237011
-0.11203091
0.04247107
-0.22296125
0.12307066
-0.06597479
-0.19062847
-0.18416347
-0.15375589
0.06456603
0.18681791
0.17911130
-0.04948554
-0.16142555
-0.08647254
-0.18400152
-0.04784379
-0.22620289
0.13997135
-0.21996219
-0.13475315
0.17165677
-0.16103421
0.08218604
0.19008133
0.22492643
0.12699991
-0.04491292
0.17062740
0.01200533
-0.05434789
-0.02248403
0.04239555
0.19181405
