# Matrix shape: (64,)
0.12319268
0.13597314
0.02725794
-0.02025329
0.09137654
0.06484290
-0.22016443
0.04098970
-0.10461579
-0.10902074
0.11147451
0.07099900
0.06134917
-0.13884628
0.09675451
0.22326952
0.01780067
0.11385725
-0.19226596
0.16578250
0.07168414
0.09436723
0.08674303
-0.04698039
0.01031973
0.26336646
0.19898666
-0.15750735
0.21554707
0.23194119
0.03020098
-0.21006945
0.05546044
-0.07279440
0.16722563
-0.25953528
0.04781890
0.00005797
0.00866494
0.16572300
0.00451781
-0.18276337
-0.12744275
-0.11803517
0.03580472
0.07038131
-0.03128832
-0.09372001
0.11710673
-0.21895613
0.19602169
-0.01889388
0.15919881
0.21016334
0.03609598
0.05901283
-0.12057677
0.20228970
0.17630740
-0.01959845
0.10707189
-0.03637682
0.18184321
0.12574115
